positive\1617546445.4352279.jpg 6 801 633 77 61 685 612 79 68 822 556 46 47 824 504 38 28 872 486 29 27 913 501 39 37
positive\1617546460.2734396.jpg 1 794 526 48 46
positive\1617546473.6306632.jpg 3 631 525 54 46 815 557 65 54 741 642 77 77
positive\1617546483.6669312.jpg 2 701 552 56 54 818 541 52 49
positive\1617552705.9811332.jpg 4 721 493 37 33 870 525 50 42 740 578 59 59 685 610 64 67
positive\1617552720.1278603.jpg 1 794 527 48 45
positive\1617552728.4788105.jpg 2 615 481 32 32 605 516 52 44
positive\1617552732.999641.jpg 2 819 539 52 53 714 616 74 76
positive\1617552750.0297053.jpg 6 867 481 34 33 911 502 43 40 870 524 50 47 818 555 60 56 738 575 64 62 799 624 84 77
positive\1617552769.0825777.jpg 1 604 518 50 42
positive\1617552784.6339202.jpg 2 872 488 32 34 870 567 61 57
positive\1617552802.193675.jpg 3 911 501 40 38 683 607 62 64 801 625 81 80
positive\1617552820.5430627.jpg 3 700 521 48 39 768 500 40 39 803 478 33 32
positive\1617552822.1562932.jpg 3 699 520 50 40 765 497 39 42 804 477 33 31
positive\1617552833.8620927.jpg 1 636 527 43 44
positive\1617552841.4055016.jpg 3 699 548 57 57 870 489 41 34 870 566 60 58
positive\1617552857.1142452.jpg 1 867 481 38 38
positive\1617552864.0759792.jpg 2 703 518 43 46 767 502 45 39
positive\1617552873.5055327.jpg 1 721 519 47 41
positive\1617552880.6201265.jpg 5 665 637 85 80 800 571 59 65 881 546 56 57 837 521 42 39 871 486 37 37
